620,35
382,8
382,7
382,6
382,4
382,3
382,1
381,4
381,3
381,1
380,3
380,1
376,3
376,1
375,3
375,1
374,3
374,1
370,4
370,1
367,4
367,1
366,5
366,4
366,3
366,1
364,3
364,1
361,5
361,3
361,1
360,4
360,1
357,5
357,3
357,1
356,6
356,1
354,3
354,1
353,3
353,1
352,4
352,3
352,1
349,9
349,8
3,2
3,1
3,3
10,114
10,16
10,134
10,268
10,118
10,200
10,98
10,1
10,64
10,2
10,3
11,9
11,28
11,22
11,12
11,11
11,24
11,25
11,1
11,7
11,2
11,3
9,7
9,4
9,1
9,6
9,2
9,3
8,6
8,10
8,9
8,8
8,14
8,13
8,1
8,7
8,2
8,3
12,2
12,1
12,3
20,2
20,1
20,3
19,2
19,1
19,3
349,7
349,4
349,1
347,6
347,5
347,4
347,3
347,1
343,8
343,7
343,4
343,3
343,1
339,3
339,1
338,3
338,1
335,5
335,3
335,1
334,9
334,8
334,4
334,3
334,1
333,4
333,3
333,1
331,3
331,1
321,13
321,12
321,11
321,10
321,9
321,8
321,7
321,6
321,5
321,4
321,3
321,1
320,3
320,1
318,4
318,1
312,4
312,1
14,33
14,27
14,26
14,24
14,22
14,18
14,15
14,12
14,10
14,5
0,517
0,506
0,490
0,454
18,1
18,3
14,1
14,4
14,3
13,1
13,4
